intrinsic:
1074.7033044342984 0.0 948.5427030544322 
0.0 1075.9370299897919 532.2479088806502 
0.0 0.0 1.0 
distortion:
0.083554781952658 -0.1473660597924719 -0.0002703476297046888 -0.0002920915144432748 0.06841944153382234 
